6.185000000000000142e+01 9.110496310522270269e-02
6.135000000000000142e+01 1.147940699589847235e-01
5.800000000000000000e+01 1.198197093070172414e-01
6.820000000000000284e+01 1.526013081822418516e-01
6.665000000000000568e+01 1.582350139619470297e-01
7.190000000000000568e+01 1.700341781992531498e-01
7.979999999999999716e+01 1.788746883719655456e-01
7.879999999999999716e+01 1.855329733205805520e-01
1.056500000000000057e+02 1.902041469940962126e-01
1.228499999999999943e+02 1.682673875464476554e-01
3.400000000000000000e+01 5.366252242736072042e-02
3.454999999999999716e+01 8.786304769087074917e-02
4.395000000000000284e+01 7.382434740133875239e-02
4.589999999999999858e+01 8.687011060051549882e-02
4.304999999999999716e+01 1.898921342488902875e-01
4.400000000000000000e+01 2.042359441643654405e-01
4.900000000000000000e+01 2.136238917251379599e-01
5.135000000000000142e+01 2.888511147237640686e-01
5.454999999999999716e+01 3.117799609850196996e-01
7.390000000000000568e+01 2.596296621685815764e-01
2.269999999999999929e+01 5.027830353079761061e-02
2.794999999999999929e+01 -3.151681375235237774e-03
2.789999999999999858e+01 7.877458372718487700e-02
3.454999999999999716e+01 6.615319001556019263e-02
3.764999999999999858e+01 1.092985999992179269e-01
4.275000000000000000e+01 1.403562012299598427e-01
4.495000000000000284e+01 1.919179507721606448e-01
4.525000000000000000e+01 2.400006823941317202e-01
5.160000000000000142e+01 3.100291448405274042e-01
4.460000000000000142e+01 3.326581837297094557e-01
