318
456
329
383
392
429
392
427
605
451
462
449
388
403
492
349
405
304
408
331
412
396
474
329
391
325
503
394
355
388
516
275
312
446
410
370
419
453
388
410
374
346
427
452
462
412
461
337
500
366
373
423
482
378
321
446
564
374
684
506
408
381
466
386
410
399
409
297
405
439
506
424
506
315
321
381
316
478
468
341
487
396
377
410
475
508
450
385
363
406
402
480
357
409
481
322
489
329
552
451
