312
453
304
386
334
360
338
316
355
464
445
435
400
459
316
252
387
354
315
353
363
377
351
296
348
314
407
473
400
367
434
279
333
269
436
367
343
252
336
316
412
327
330
366
375
303
510
391
363
357
421
459
408
369
507
367
405
428
324
353
530
364
295
444
306
375
413
461
415
272
370
407
378
483
378
397
260
318
346
388
473
297
358
390
316
412
385
369
309
373
315
346
325
350
448
332
253
342
319
347
