180
143
176
168
146
179
187
160
150
167
198
182
189
187
187
150
208
168
144
199
198
162
134
173
144
175
211
162
158
165
151
181
138
181
175
186
183
171
178
143
197
207
192
180
155
197
157
152
186
173
160
166
150
155
169
172
169
188
153
170
162
154
170
144
199
214
192
168
175
175
155
140
216
187
180
166
171
191
154
172
169
200
188
150
216
177
167
181
199
192
181
186
171
167
155
169
151
154
194
138
