220
145
209
191
214
194
186
211
175
184
156
189
164
189
208
204
163
169
227
194
189
152
158
197
168
213
164
200
181
193
164
179
238
172
162
174
210
167
152
180
161
207
169
153
196
178
182
197
193
153
193
188
168
166
168
217
224
182
161
168
157
207
148
156
229
197
169
178
164
182
175
214
168
164
182
160
145
156
160
167
180
188
180
194
182
173
222
163
165
184
165
173
183
200
139
199
195
166
194
211
