688
821
668
776
668
720
668
611
776
771
647
628
832
690
807
709
629
688
721
672
747
749
661
763
809
704
617
856
726
682
718
672
797
610
734
804
676
623
739
751
738
758
616
731
718
606
672
835
624
674
670
655
725
712
619
740
749
751
806
755
658
747
648
724
632
742
518
753
651
701
756
692
621
838
830
611
608
716
715
661
738
1006
782
778
549
660
722
744
701
642
684
782
753
613
696
685
692
699
662
620
