252
341
304
291
280
281
286
297
277
299
277
295
289
307
350
280
333
335
302
301
268
253
251
347
257
274
364
264
242
249
274
290
239
300
295
298
305
331
277
284
276
305
323
247
271
266
327
284
221
298
273
329
256
259
286
287
268
311
256
312
265
285
276
281
324
304
306
326
262
284
261
276
326
314
314
291
267
287
256
265
285
293
258
302
247
268
343
286
298
268
227
311
246
319
367
303
323
352
373
266
