677
472
604
614
558
538
489
499
659
609
489
442
578
685
441
514
788
535
495
550
644
761
549
528
718
484
533
532
584
654
739
630
607
661
684
433
563
664
480
574
502
719
473
537
504
733
575
527
547
645
502
652
752
675
524
575
573
550
406
647
635
487
669
549
592
532
489
754
593
733
587
589
550
643
462
501
529
380
543
560
736
593
739
594
644
701
695
683
594
595
454
559
674
576
589
607
555
524
703
446
