517
517
529
501
550
510
503
517
590
541
521
395
527
540
571
497
537
532
514
487
461
559
536
572
472
614
512
565
531
598
547
507
533
503
442
443
479
690
524
582
597
463
437
533
432
474
542
406
503
503
506
505
489
658
552
572
422
486
550
434
589
555
520
420
621
476
500
526
565
528
457
502
485
510
508
408
586
531
590
389
499
393
612
498
430
501
551
528
512
496
525
495
457
517
582
499
603
558
478
655
