1476
1361
1414
1441
1334
1386
1556
1271
1631
1381
1375
1493
1326
1338
1262
1771
1264
1457
1420
1316
1275
1541
1523
1401
1188
1307
1527
1177
1586
1445
1389
1310
1213
1632
1548
1199
1527
1434
1658
1251
1524
1430
1572
1293
1523
1343
1672
1306
1381
1172
1657
1723
1511
1532
1340
1533
1551
1764
1483
1348
1467
1374
1528
1421
1466
1261
1399
1334
1488
1334
1301
1357
1491
1545
1328
1227
1288
1439
1376
1424
1134
1607
1459
1412
1189
1489
1476
1661
1767
1495
1400
1388
1331
1506
1641
1303
1489
1627
1628
1749
