295
365
379
407
359
294
356
364
406
433
372
319
391
357
334
317
319
255
360
374
316
419
329
394
406
387
370
357
422
308
338
402
302
325
411
320
330
374
345
365
334
422
389
403
312
336
287
344
368
309
349
388
426
366
350
336
326
397
435
277
383
385
373
282
335
365
366
386
372
425
348
412
366
332
356
374
292
340
346
371
396
391
325
290
346
404
425
374
416
409
349
359
320
335
337
397
423
356
360
352
