860
805
667
798
676
785
929
659
669
653
684
773
587
698
619
858
511
705
729
679
611
867
652
635
742
791
916
661
635
800
797
615
766
778
615
764
649
725
925
873
660
754
754
492
706
835
751
832
631
797
588
902
893
763
828
733
877
725
758
828
614
723
859
770
613
698
1095
531
756
637
754
571
712
657
707
913
960
560
710
611
686
559
650
594
715
721
754
698
645
653
738
711
681
729
733
785
886
825
655
779
