143
136
153
158
152
177
173
165
199
199
149
177
138
160
183
145
142
185
185
150
187
190
128
195
150
166
142
159
157
165
143
162
185
128
191
167
176
169
184
143
130
158
169
141
159
162
160
130
161
154
153
178
166
164
142
175
163
158
151
165
191
163
186
187
155
160
171
154
148
184
158
184
159
157
154
147
175
170
145
169
143
170
166
131
139
142
160
140
139
152
153
190
126
126
156
166
167
192
158
173
