317
412
328
418
219
460
1896
306
1069
586
1807
263
500
747
317
366
439
359
456
320
340
196
275
437
300
260
281
630
236
296
274
349
268
285
261
345
242
366
215
274
443
271
340
278
379
2163
229
1611
298
370
332
352
217
336
371
247
242
465
393
297
344
259
330
426
392
395
1964
539
280
218
382
309
210
230
360
334
473
407
239
204
789
299
320
345
316
619
231
165
189
1735
469
369
250
317
388
342
512
1943
272
358
