165
154
145
179
136
145
162
140
139
159
149
134
152
135
149
165
151
148
137
137
150
111
147
159
165
156
123
159
140
145
148
147
136
137
135
137
159
164
154
128
138
155
143
131
147
162
131
128
127
142
126
127
127
136
156
128
159
143
162
148
159
131
156
144
148
169
126
141
140
150
151
155
170
162
145
143
134
156
144
120
170
119
139
158
162
140
135
155
140
132
148
144
157
162
133
160
144
120
169
160
