217
338
227
363
316
418
235
274
353
305
351
299
266
355
345
295
362
304
255
302
326
324
310
278
299
308
339
330
306
368
319
298
244
331
279
206
330
363
436
341
220
342
417
312
273
296
352
293
393
325
333
376
285
369
301
271
357
303
347
272
301
270
326
314
354
370
335
332
275
218
340
320
310
314
324
407
291
342
346
358
469
368
257
354
317
373
378
304
388
331
294
451
235
311
363
318
265
330
221
288
