1264
1844
1954
1184
1476
1589
1515
1557
1306
1359
1158
1478
1641
1115
1958
1462
1603
1154
1391
1179
1153
1549
1393
1095
1420
1853
1393
1533
1202
1891
1569
1823
1278
1594
1563
1550
1342
1557
1428
1290
1432
1606
1620
1394
1352
1407
1304
1670
1356
1410
1210
1456
1550
1370
1550
1723
1497
1758
1529
1459
1514
1584
1428
1406
1582
1104
1820
1287
1265
1721
1466
1460
1348
1633
1497
1534
1708
1466
1609
1500
1293
1479
1763
1403
1223
1449
1407
1334
1648
1302
1733
1482
1294
1479
1447
1470
1808
1403
1296
1427
