179
202
191
214
210
205
213
167
201
231
226
212
184
222
182
193
233
200
193
236
225
183
231
233
193
201
217
193
241
225
211
209
213
181
212
164
213
200
220
178
206
222
233
243
247
206
196
195
182
167
198
238
174
212
209
258
180
187
224
193
247
189
230
246
188
262
199
212
223
207
251
227
243
160
177
220
177
211
210
210
218
270
202
207
176
225
226
199
215
222
256
227
171
197
242
179
225
171
218
196
