285
346
263
296
369
300
320
258
276
266
269
228
194
270
271
293
423
323
368
299
211
273
366
264
258
260
300
287
308
214
282
261
214
322
237
445
227
281
299
339
258
249
443
273
353
281
279
385
253
233
313
240
340
223
319
346
362
208
320
269
229
309
282
322
335
293
255
328
312
292
285
381
244
333
395
243
333
261
254
330
421
278
245
389
237
338
336
263
267
358
254
287
263
246
296
210
309
298
402
322
