356
386
535
584
494
514
496
495
513
486
425
491
532
485
377
595
359
480
395
414
511
448
615
432
433
503
422
415
433
571
460
539
433
425
463
514
592
712
522
501
433
477
567
420
497
429
451
497
576
547
542
460
485
477
405
403
468
508
517
575
407
493
425
516
439
402
530
617
536
509
435
524
633
520
388
517
393
367
488
478
552
508
556
429
362
564
506
615
432
521
433
426
417
488
387
496
459
460
405
467
