198
179
212
202
182
214
192
179
199
231
167
211
208
215
199
201
265
182
211
226
212
237
226
224
163
182
208
181
268
198
202
191
177
209
175
188
247
199
174
227
241
214
205
203
201
236
195
220
187
156
185
198
205
194
247
210
190
213
231
165
203
170
170
218
203
216
192
215
207
225
191
234
164
206
150
197
207
209
197
207
208
204
179
189
254
220
221
210
255
226
244
216
209
178
235
218
225
203
174
192
