266
285
217
222
181
215
243
225
240
186
276
215
214
205
217
312
229
254
229
278
227
288
180
235
294
235
210
181
201
241
278
264
204
232
276
243
236
209
243
220
316
202
243
260
256
268
187
233
179
240
270
221
214
175
250
212
221
205
195
226
240
193
252
245
253
250
182
209
218
309
213
206
191
178
233
259
229
162
293
219
195
260
311
209
179
179
227
235
234
207
223
255
182
230
227
357
251
253
177
210
