254
262
274
186
263
182
250
239
220
285
248
232
214
256
288
267
212
238
263
205
234
188
214
294
249
266
270
246
223
223
264
237
254
193
254
227
238
213
242
235
294
243
256
258
206
239
268
222
205
217
226
232
248
248
193
220
213
222
217
267
243
209
191
236
267
270
297
241
218
247
239
190
193
266
268
217
245
235
272
202
286
229
278
278
211
174
248
241
266
231
253
208
264
225
259
249
211
208
199
183
