372
337
378
308
387
257
323
306
385
391
319
329
347
346
335
346
303
313
351
336
307
322
258
304
306
344
321
313
372
347
303
350
325
355
293
343
300
295
349
403
398
347
310
289
314
296
368
329
306
339
416
335
359
342
342
349
359
377
358
405
333
382
311
327
350
407
350
314
331
333
373
311
306
356
387
414
292
342
314
304
272
320
346
353
313
392
357
360
300
363
322
350
302
324
374
359
349
334
296
332
