493
368
531
517
465
502
550
455
571
390
414
516
497
424
473
444
491
459
574
392
424
589
468
407
496
439
503
514
438
496
447
478
428
466
484
491
528
533
455
438
551
424
445
418
455
549
425
432
510
445
469
464
462
518
529
487
483
487
504
426
496
454
501
404
465
536
538
542
414
508
555
555
449
369
479
513
559
500
510
444
529
442
411
491
461
488
510
462
467
411
461
406
487
557
443
437
500
462
424
492
