232
255
268
262
226
254
233
271
273
249
237
253
231
246
288
245
300
279
233
241
250
300
229
274
237
213
239
255
269
274
240
258
271
253
250
262
288
261
235
332
223
288
251
254
304
278
273
212
215
251
270
273
263
222
299
221
196
231
263
242
254
265
218
220
231
231
211
263
258
255
293
231
248
250
256
233
241
255
228
243
278
261
269
233
247
247
231
244
244
240
275
254
258
234
298
253
267
261
223
254
