990
1060
775
1156
937
1119
1103
904
1087
897
756
1152
1060
1057
933
1123
1101
988
1209
993
986
1079
1051
996
1073
1108
1314
826
1009
939
1029
1055
1077
893
955
987
842
918
1050
1151
994
1033
1101
958
841
1002
1099
1002
929
933
887
1010
1063
917
1053
873
941
834
1216
876
1112
1011
1065
955
1125
984
1079
947
1020
1133
934
1114
912
1093
1036
907
1139
1198
1127
974
1009
1036
1169
940
1108
900
982
1071
769
974
839
945
1015
889
837
918
1071
1123
1213
998
